,customer.c_custkey,customer.c_name,customer.c_address,customer.c_nationkey,customer.c_phone,customer.c_acctbal,customer.c_mktsegment,customer.c_comment,lineitem.l_orderkey,lineitem.l_partkey,lineitem.l_suppkey,lineitem.l_linenumber,lineitem.l_quantity,lineitem.l_extendedprice,lineitem.l_discount,lineitem.l_tax,lineitem.l_returnflag,lineitem.l_linestatus,lineitem.l_shipdate,lineitem.l_commitdate,lineitem.l_receiptdate,lineitem.l_shipinstruct,lineitem.l_shipmode,lineitem.l_comment,nation.n_nationkey,nation.n_name,nation.n_regionkey,nation.n_comment,orders.o_orderkey,orders.o_custkey,orders.o_orderstatus,orders.o_totalprice,orders.o_orderdate,orders.o_orderpriority,orders.o_clerk,orders.o_shippriority,orders.o_comment,part.p_partkey,part.p_name,part.p_mfgr,part.p_brand,part.p_type,part.p_size,part.p_container,part.p_retailprice,part.p_comment,partsupp.ps_partkey,partsupp.ps_suppkey,partsupp.ps_availqty,partsupp.ps_supplycost,partsupp.ps_comment,region.r_regionkey,region.r_name,region.r_comment,supplier.s_suppkey,supplier.s_name,supplier.s_address,supplier.s_nationkey,supplier.s_phone,supplier.s_acctbal,supplier.s_comment
customer.c_custkey,1.000000,0.157642,0.125782,0.164645,0.136544,0.145523,0.194204,0.128326,0.114385,0.110405,0.115968,0.105014,0.110648,0.088467,0.090515,0.092240,0.113156,0.112799,0.102633,0.085372,0.088495,0.123878,0.133654,0.073072,0.088774,0.060829,0.087081,0.061909,0.120035,0.137597,0.106519,0.096349,0.092301,0.107887,0.120038,0.129398,0.083999,0.099980,0.058775,0.087662,0.084600,0.079460,0.101913,0.100832,0.093226,0.078486,0.109524,0.111522,0.109293,0.103022,0.055270,0.087195,0.068169,0.057108,0.111903,0.083330,0.079088,0.106973,0.103851,0.107277,0.075348
customer.c_name,0.157642,1.000000,0.109661,0.143543,0.119044,0.126872,0.169314,0.111879,0.086633,0.082828,0.085869,0.079039,0.078255,0.058606,0.065119,0.060808,0.098654,0.082850,0.070114,0.064979,0.077153,0.084627,0.091306,0.062972,0.065875,0.053033,0.068694,0.052719,0.099564,0.119962,0.090502,0.068866,0.073522,0.087190,0.104654,0.088398,0.073234,0.074022,0.049991,0.074830,0.073757,0.065320,0.076547,0.072798,0.068751,0.068427,0.079344,0.082371,0.079357,0.073877,0.045490,0.070821,0.059432,0.049789,0.088339,0.072650,0.063336,0.077798,0.090541,0.092723,0.065691
customer.c_address,0.125782,0.109661,1.000000,0.114533,0.094985,0.101231,0.135095,0.089268,0.072904,0.070367,0.073912,0.066931,0.070522,0.054678,0.057493,0.051438,0.078715,0.071892,0.065414,0.053383,0.061560,0.078954,0.085185,0.050245,0.056580,0.042378,0.061066,0.042064,0.079442,0.095717,0.072211,0.057794,0.058828,0.069569,0.083503,0.082472,0.058433,0.063722,0.039888,0.059706,0.058851,0.052118,0.064954,0.064265,0.059418,0.054597,0.069805,0.071079,0.069658,0.065661,0.036297,0.067545,0.059357,0.042637,0.071322,0.057967,0.050535,0.068179,0.072242,0.073984,0.052415
customer.c_nationkey,0.164645,0.143543,0.114533,1.000000,0.124333,0.132508,0.176835,0.116849,0.118964,0.114825,0.120610,0.109217,0.115077,0.092402,0.094540,0.088889,0.112967,0.117314,0.106742,0.089169,0.089486,0.128837,0.139004,0.075997,0.092328,0.071326,0.108370,0.064388,0.124839,0.125291,0.110783,0.100634,0.095995,0.112206,0.109303,0.134577,0.081728,0.103982,0.061128,0.091171,0.077034,0.082640,0.105992,0.104868,0.096957,0.074608,0.113908,0.115986,0.113668,0.107145,0.057482,0.119867,0.105337,0.075665,0.116383,0.078669,0.082254,0.111255,0.094563,0.111571,0.074315
customer.c_phone,0.136544,0.119044,0.094985,0.124333,1.000000,0.109893,0.146654,0.096906,0.080070,0.078548,0.084428,0.073441,0.080375,0.067155,0.068710,0.070741,0.085451,0.083312,0.071776,0.064806,0.066828,0.086634,0.093470,0.054545,0.062084,0.045936,0.060900,0.045664,0.086239,0.103907,0.078434,0.073138,0.067278,0.075521,0.090648,0.090494,0.063433,0.069920,0.043301,0.064815,0.063886,0.056578,0.071272,0.070516,0.067005,0.059269,0.076595,0.077992,0.076434,0.072048,0.039402,0.061343,0.051478,0.043126,0.078259,0.062927,0.055310,0.074811,0.078423,0.080314,0.056900
customer.c_acctbal,0.145523,0.126872,0.101231,0.132508,0.109893,1.000000,0.156297,0.103278,0.102278,0.099336,0.106773,0.093899,0.101647,0.087878,0.086894,0.100061,0.097728,0.105361,0.091770,0.081957,0.080796,0.110766,0.119508,0.065337,0.079378,0.049848,0.077864,0.055357,0.108917,0.110740,0.106990,0.097964,0.091771,0.096468,0.096608,0.115702,0.077831,0.089397,0.052554,0.078384,0.068087,0.071049,0.091126,0.090159,0.090935,0.064143,0.097931,0.099718,0.097725,0.093107,0.049419,0.077966,0.054863,0.049078,0.100059,0.067635,0.070717,0.095650,0.083580,0.095922,0.063891
customer.c_mktsegment,0.194204,0.169314,0.135095,0.176835,0.146654,0.156297,1.000000,0.137827,0.113305,0.109363,0.114873,0.104022,0.109603,0.089937,0.092018,0.094278,0.121534,0.111734,0.101664,0.086790,0.095047,0.122709,0.132392,0.077577,0.087936,0.065333,0.089055,0.064946,0.122656,0.147785,0.111492,0.097949,0.093542,0.107412,0.128926,0.128176,0.090219,0.099200,0.062326,0.092185,0.090864,0.080469,0.100950,0.099880,0.092346,0.084297,0.108490,0.110469,0.108261,0.102049,0.056041,0.098502,0.086562,0.062179,0.110847,0.089500,0.078341,0.105963,0.111540,0.114229,0.080927
customer.c_comment,0.128326,0.111879,0.089268,0.116849,0.096906,0.103278,0.137827,1.000000,0.075802,0.073164,0.076850,0.069591,0.073325,0.056851,0.059778,0.054609,0.080307,0.074750,0.068014,0.055505,0.062805,0.082092,0.088571,0.051261,0.058829,0.043171,0.057708,0.042915,0.086821,0.097653,0.085284,0.066613,0.073153,0.076038,0.085192,0.085750,0.062041,0.066255,0.040694,0.060914,0.060041,0.053172,0.067536,0.066820,0.061779,0.055702,0.072580,0.073904,0.072427,0.068271,0.037031,0.057783,0.048380,0.040530,0.074157,0.059140,0.052411,0.070889,0.073703,0.075480,0.053475
lineitem.l_orderkey,0.114385,0.086633,0.072904,0.118964,0.080070,0.102278,0.113305,0.075802,1.000000,0.132350,0.142257,0.125048,0.135428,0.113153,0.115772,0.106685,0.147599,0.143798,0.112526,0.109194,0.107648,0.135291,0.145967,0.100324,0.096953,0.060884,0.095104,0.067613,0.180888,0.164535,0.177688,0.138787,0.152413,0.158423,0.143341,0.161152,0.129261,0.109190,0.064190,0.095738,0.076535,0.089014,0.111302,0.110121,0.112900,0.081703,0.119614,0.124079,0.125699,0.116977,0.060361,0.095228,0.066468,0.059945,0.123562,0.082610,0.086374,0.116828,0.094927,0.125490,0.091177
lineitem.l_partkey,0.110405,0.082828,0.070367,0.114825,0.078548,0.099336,0.109363,0.073164,0.132350,1.000000,0.139554,0.114081,0.132854,0.111003,0.113572,0.104658,0.127733,0.137709,0.108189,0.107119,0.105603,0.130584,0.140889,0.083963,0.093579,0.058766,0.092020,0.065260,0.138290,0.128446,0.135843,0.120893,0.116520,0.121115,0.109585,0.136402,0.098821,0.143073,0.089890,0.126132,0.105246,0.102521,0.108953,0.108919,0.110755,0.096813,0.127600,0.121722,0.123311,0.114755,0.058261,0.091915,0.064155,0.057859,0.121214,0.084344,0.083369,0.112763,0.092997,0.123106,0.076136
lineitem.l_suppkey,0.115968,0.085869,0.073912,0.120610,0.084428,0.106773,0.114873,0.076850,0.142257,0.139554,1.000000,0.122621,0.142800,0.119313,0.122074,0.112493,0.137295,0.148018,0.113639,0.115138,0.113508,0.137163,0.147987,0.090249,0.098294,0.061727,0.098909,0.068548,0.148970,0.138061,0.146335,0.129943,0.125519,0.130469,0.118049,0.143274,0.106453,0.110701,0.065078,0.097063,0.077594,0.093859,0.112841,0.111645,0.119046,0.082996,0.121269,0.130834,0.132542,0.123345,0.061196,0.096545,0.067388,0.060774,0.130288,0.083753,0.087569,0.118882,0.099959,0.132322,0.079117
lineitem.l_linenumber,0.105014,0.079039,0.066931,0.109217,0.073441,0.093899,0.104022,0.069591,0.125048,0.114081,0.122621,1.000000,0.116734,0.097534,0.099792,0.091959,0.117964,0.121000,0.102906,0.094122,0.092789,0.124207,0.134009,0.080181,0.089010,0.055896,0.087312,0.062074,0.144570,0.131500,0.142012,0.110922,0.121812,0.126615,0.114561,0.129741,0.103308,0.100245,0.058931,0.087895,0.070264,0.079670,0.102183,0.101099,0.097316,0.071927,0.109815,0.111818,0.109583,0.103295,0.055416,0.087426,0.061023,0.055033,0.112200,0.075842,0.079298,0.107257,0.087150,0.108169,0.072871
lineitem.l_quantity,0.110648,0.078255,0.070522,0.115077,0.080375,0.101647,0.109603,0.073325,0.135428,0.132854,0.142800,0.116734,1.000000,0.113585,0.116214,0.110360,0.130703,0.140912,0.108426,0.109610,0.108059,0.130871,0.141198,0.085916,0.093785,0.058895,0.094160,0.065404,0.143148,0.131433,0.140615,0.123705,0.120614,0.125370,0.113435,0.136702,0.102292,0.105623,0.062093,0.092610,0.074034,0.089353,0.107665,0.106523,0.113331,0.079011,0.115706,0.124553,0.126179,0.117424,0.058389,0.092117,0.064296,0.057986,0.124033,0.079911,0.083552,0.113175,0.095160,0.125969,0.075488
lineitem.l_extendedprice,0.088467,0.058606,0.054678,0.092402,0.067155,0.087878,0.089937,0.056851,0.113153,0.111003,0.119313,0.097534,0.113585,1.000000,0.097099,0.101770,0.109206,0.117735,0.089116,0.091582,0.090286,0.101554,0.109475,0.071785,0.075684,0.045663,0.078673,0.050710,0.108420,0.109816,0.105776,0.103358,0.090290,0.095626,0.084916,0.105989,0.076575,0.085895,0.048142,0.071804,0.057401,0.074657,0.085583,0.082591,0.094691,0.066016,0.094977,0.104067,0.105426,0.098110,0.045271,0.075764,0.049851,0.044958,0.103633,0.061957,0.064780,0.094560,0.079508,0.105250,0.061813
lineitem.l_discount,0.090515,0.065119,0.057493,0.094540,0.068710,0.086894,0.092018,0.059778,0.115772,0.113572,0.122074,0.099792,0.116214,0.097099,1.000000,0.096192,0.111733,0.120460,0.091179,0.093702,0.092375,0.106692,0.115112,0.073446,0.077435,0.048014,0.080494,0.053321,0.110929,0.112357,0.108224,0.105750,0.091306,0.097840,0.086794,0.111446,0.077437,0.087883,0.050621,0.075501,0.060356,0.076385,0.087774,0.086843,0.096882,0.067544,0.097175,0.106475,0.107866,0.100381,0.047602,0.077518,0.052418,0.047273,0.106032,0.065147,0.068116,0.096749,0.081348,0.107686,0.063243
lineitem.l_tax,0.092240,0.060808,0.051438,0.088889,0.070741,0.100061,0.094278,0.054609,0.106685,0.104658,0.112493,0.091959,0.110360,0.101770,0.096192,1.000000,0.102964,0.111005,0.084023,0.086347,0.088049,0.095749,0.102989,0.067682,0.071358,0.042958,0.074176,0.047705,0.102630,0.103538,0.100814,0.113449,0.086474,0.090160,0.081327,0.099709,0.073338,0.080985,0.051890,0.067549,0.055981,0.070389,0.085208,0.077697,0.105309,0.062243,0.089548,0.098118,0.107648,0.107825,0.048098,0.071433,0.055357,0.042295,0.097709,0.058369,0.060942,0.089155,0.074964,0.103636,0.058280
lineitem.l_returnflag,0.113156,0.098654,0.078715,0.112967,0.085451,0.097728,0.121534,0.080307,0.147599,0.127733,0.137295,0.117964,0.130703,0.109206,0.111733,0.102964,1.000000,0.135651,0.106439,0.105385,0.103893,0.128471,0.138610,0.094640,0.092066,0.057815,0.090530,0.064205,0.170641,0.155213,0.167622,0.130925,0.143778,0.149448,0.135221,0.152022,0.121938,0.103687,0.060954,0.090912,0.072677,0.085909,0.105691,0.104570,0.108962,0.077074,0.113585,0.119751,0.121315,0.112897,0.057319,0.090428,0.063118,0.056923,0.119252,0.078446,0.082020,0.110939,0.091491,0.121113,0.086012
lineitem.l_linestatus,0.112799,0.082850,0.071892,0.117314,0.083312,0.105361,0.111734,0.074750,0.143798,0.137709,0.148018,0.121000,0.140912,0.117735,0.120460,0.111005,0.135651,1.000000,0.110557,0.113616,0.112007,0.133414,0.143943,0.092203,0.095608,0.060040,0.097601,0.066675,0.166246,0.151216,0.163305,0.128225,0.140075,0.145599,0.131738,0.148107,0.118798,0.107676,0.063352,0.094410,0.075473,0.092618,0.109758,0.108593,0.117472,0.081899,0.117955,0.129104,0.130790,0.121714,0.059524,0.093992,0.065546,0.059113,0.128566,0.081464,0.085176,0.117310,0.098637,0.130572,0.083797
lineitem.l_shipdate,0.102633,0.070114,0.065414,0.106742,0.071776,0.091770,0.101664,0.068014,0.112526,0.108189,0.113639,0.102906,0.108426,0.089116,0.091179,0.084023,0.106439,0.110557,1.000000,0.085998,0.084781,0.121391,0.130971,0.072152,0.086992,0.054629,0.085333,0.060666,0.130093,0.118331,0.127791,0.099814,0.109614,0.113936,0.103089,0.126800,0.092963,0.097972,0.057595,0.085902,0.068671,0.077864,0.099866,0.098807,0.091354,0.070296,0.107325,0.109283,0.107099,0.100953,0.054160,0.085444,0.059639,0.053786,0.109657,0.074123,0.077500,0.104825,0.085174,0.105123,0.070020
lineitem.l_commitdate,0.085372,0.064979,0.053383,0.089169,0.064806,0.081957,0.086790,0.055505,0.109194,0.107119,0.115138,0.094122,0.109610,0.091582,0.093702,0.086347,0.105385,0.113616,0.085998,1.000000,0.087127,0.099066,0.106884,0.069273,0.073036,0.044582,0.075920,0.049509,0.122680,0.111589,0.120510,0.099742,0.103368,0.107444,0.097216,0.109295,0.087666,0.082890,0.049697,0.070104,0.056042,0.072045,0.082589,0.080636,0.091378,0.063706,0.091654,0.100426,0.101737,0.094678,0.046065,0.073113,0.048671,0.043894,0.100007,0.060491,0.063247,0.091252,0.076726,0.101568,0.061837
lineitem.l_receiptdate,0.088495,0.077153,0.061560,0.089486,0.066828,0.080796,0.095047,0.062805,0.107648,0.105603,0.113508,0.092789,0.108059,0.090286,0.092375,0.088049,0.103893,0.112007,0.084781,0.087127,1.000000,0.101767,0.109798,0.068292,0.072929,0.045798,0.074845,0.050859,0.122262,0.111208,0.120098,0.098330,0.103015,0.107077,0.096884,0.108922,0.087367,0.082134,0.051019,0.072015,0.057570,0.071025,0.083722,0.082834,0.090084,0.062804,0.090356,0.099004,0.100296,0.093337,0.047290,0.072078,0.049998,0.045091,0.098591,0.062140,0.064971,0.089960,0.075640,0.100130,0.061626
lineitem.l_shipinstruct,0.123878,0.084627,0.078954,0.128837,0.086634,0.110766,0.122709,0.082092,0.135291,0.130584,0.137163,0.124207,0.130871,0.101554,0.106692,0.095749,0.128471,0.133414,0.121391,0.099066,0.101767,1.000000,0.158082,0.086427,0.104999,0.065937,0.102997,0.073224,0.154205,0.141101,0.151476,0.118314,0.129930,0.135053,0.122196,0.153047,0.110193,0.118252,0.069517,0.103684,0.082886,0.093982,0.120539,0.119260,0.110264,0.084847,0.129541,0.131904,0.129268,0.121850,0.065371,0.103131,0.071984,0.064920,0.132355,0.089466,0.093543,0.126524,0.102805,0.126883,0.084514
lineitem.l_shipmode,0.133654,0.091306,0.085185,0.139004,0.093470,0.119508,0.132392,0.088571,0.145967,0.140889,0.147987,0.134009,0.141198,0.109475,0.115112,0.102989,0.138610,0.143943,0.130971,0.106884,0.109798,0.158082,1.000000,0.093247,0.113285,0.071141,0.111125,0.079003,0.153969,0.152236,0.151245,0.118133,0.129731,0.137675,0.122009,0.165125,0.110025,0.127584,0.075003,0.111866,0.089427,0.101399,0.130051,0.128672,0.118966,0.091543,0.139764,0.142313,0.139470,0.131466,0.070530,0.111270,0.077665,0.070043,0.142800,0.096526,0.100924,0.136508,0.110918,0.136896,0.091183
lineitem.l_comment,0.073072,0.062972,0.050245,0.075997,0.054545,0.065337,0.077577,0.051261,0.100324,0.083963,0.090249,0.080181,0.085916,0.071785,0.073446,0.067682,0.094640,0.092203,0.072152,0.069273,0.068292,0.086427,0.093247,1.000000,0.061935,0.038894,0.060754,0.043193,0.115986,0.105500,0.113933,0.088990,0.097727,0.101581,0.091910,0.103330,0.082882,0.072589,0.045606,0.063994,0.053397,0.056471,0.071102,0.070348,0.071625,0.052388,0.076412,0.078716,0.079744,0.074211,0.038657,0.060834,0.042461,0.038294,0.078388,0.052811,0.055178,0.074632,0.060641,0.079612,0.058463
nation.n_nationkey,0.088774,0.065875,0.056580,0.092328,0.062084,0.079378,0.087936,0.058829,0.096953,0.093579,0.098294,0.089010,0.093785,0.075684,0.077435,0.071358,0.092066,0.095608,0.086992,0.073036,0.072929,0.104999,0.113285,0.061935,1.000000,0.101871,0.150223,0.081697,0.101741,0.101116,0.090285,0.082427,0.078234,0.091445,0.080030,0.109677,0.066607,0.084743,0.049818,0.074302,0.059398,0.067350,0.086381,0.085465,0.079018,0.060804,0.092832,0.094526,0.092637,0.087321,0.046846,0.166160,0.146019,0.104887,0.094849,0.064113,0.067035,0.090670,0.073673,0.090928,0.060565
nation.n_name,0.060829,0.053033,0.042378,0.071326,0.045936,0.049848,0.065333,0.043171,0.060884,0.058766,0.061727,0.055896,0.058895,0.045663,0.048014,0.042958,0.057815,0.060040,0.054629,0.044582,0.045798,0.065937,0.071141,0.038894,0.101871,1.000000,0.122286,0.068190,0.063891,0.063499,0.056697,0.048266,0.049129,0.057426,0.050258,0.068875,0.041828,0.053217,0.031284,0.046660,0.037301,0.042294,0.054246,0.053670,0.049622,0.038183,0.058297,0.059360,0.058174,0.054836,0.029419,0.135259,0.118863,0.085381,0.059563,0.040262,0.042097,0.066744,0.046265,0.057101,0.038033
nation.n_regionkey,0.087081,0.068694,0.061066,0.108370,0.060900,0.077864,0.089055,0.057708,0.095104,0.092020,0.098909,0.087312,0.094160,0.078673,0.080494,0.074176,0.090530,0.097601,0.085333,0.075920,0.074845,0.102997,0.111125,0.060754,0.150223,0.122286,1.000000,0.106729,0.099801,0.099188,0.088563,0.085683,0.076742,0.089701,0.078504,0.107586,0.065336,0.083126,0.048868,0.072885,0.058266,0.066065,0.084734,0.083835,0.078497,0.059644,0.091062,0.092723,0.090870,0.085656,0.045953,0.218295,0.191834,0.137797,0.093040,0.062891,0.065756,0.095049,0.072268,0.089194,0.059410
nation.n_comment,0.061909,0.052719,0.042064,0.064388,0.045664,0.055357,0.064946,0.042915,0.067613,0.065260,0.068548,0.062074,0.065404,0.050710,0.053321,0.047705,0.064205,0.066675,0.060666,0.049509,0.050859,0.073224,0.079003,0.043193,0.081697,0.068190,0.106729,1.000000,0.070952,0.070516,0.069046,0.053930,0.059225,0.063772,0.055812,0.076487,0.050228,0.059098,0.034742,0.051817,0.041423,0.046968,0.060240,0.059601,0.055106,0.042403,0.064739,0.065920,0.064603,0.060896,0.032670,0.118052,0.103742,0.074520,0.066146,0.044711,0.046749,0.063232,0.051378,0.063411,0.042237
orders.o_orderkey,0.120035,0.099564,0.079442,0.124839,0.086239,0.108917,0.122656,0.086821,0.180888,0.138290,0.148970,0.144570,0.143148,0.108420,0.110929,0.102630,0.170641,0.166246,0.130093,0.122680,0.122262,0.154205,0.153969,0.115986,0.101741,0.063891,0.099801,0.070952,1.000000,0.190220,0.205427,0.160453,0.176206,0.183154,0.165718,0.186309,0.149440,0.114583,0.067360,0.100467,0.080315,0.097689,0.116799,0.115560,0.108178,0.094458,0.125522,0.133349,0.126009,0.118070,0.069700,0.099931,0.071238,0.062905,0.134258,0.095220,0.093686,0.122598,0.100638,0.139100,0.105411
orders.o_custkey,0.137597,0.119962,0.095717,0.125291,0.103907,0.110740,0.147785,0.097653,0.164535,0.128446,0.138061,0.131500,0.131433,0.109816,0.112357,0.103538,0.155213,0.151216,0.118331,0.111589,0.111208,0.141101,0.152236,0.105500,0.101116,0.063499,0.099188,0.070516,0.190220,1.000000,0.186855,0.145947,0.160276,0.166596,0.150736,0.169465,0.135929,0.113879,0.066946,0.099850,0.079821,0.090507,0.116081,0.114850,0.109570,0.085918,0.124751,0.127026,0.124488,0.117344,0.063399,0.099317,0.069323,0.062519,0.127461,0.086612,0.090083,0.121845,0.099003,0.126524,0.095881
orders.o_orderstatus,0.106519,0.090502,0.072211,0.110783,0.078434,0.106990,0.111492,0.085284,0.177688,0.135843,0.146335,0.142012,0.140615,0.105776,0.108224,0.100814,0.167622,0.163305,0.127791,0.120510,0.120098,0.151476,0.151245,0.113933,0.090285,0.056697,0.088563,0.069046,0.205427,0.186855,1.000000,0.157614,0.173089,0.179914,0.162786,0.183013,0.146796,0.101681,0.059775,0.090909,0.071271,0.095961,0.103647,0.102548,0.105540,0.092786,0.121460,0.130990,0.123779,0.111797,0.068467,0.088679,0.069978,0.061321,0.131883,0.093536,0.092028,0.112380,0.098858,0.136639,0.103546
orders.o_totalprice,0.096349,0.068866,0.057794,0.100634,0.073138,0.097964,0.097949,0.066613,0.138787,0.120893,0.129943,0.110922,0.123705,0.103358,0.105750,0.113449,0.130925,0.128225,0.099814,0.099742,0.098330,0.118314,0.118133,0.088990,0.082427,0.048266,0.085683,0.053930,0.160453,0.145947,0.157614,1.000000,0.135195,0.140526,0.127148,0.142946,0.114658,0.093548,0.052113,0.075896,0.060672,0.081308,0.093208,0.087298,0.103127,0.072473,0.103439,0.113339,0.114819,0.106852,0.053478,0.082514,0.054658,0.047896,0.112866,0.073058,0.071881,0.102985,0.086592,0.114628,0.080877
orders.o_orderdate,0.092301,0.073522,0.058828,0.095995,0.067278,0.091771,0.093542,0.073153,0.152413,0.116520,0.125519,0.121812,0.120614,0.090290,0.091306,0.086474,0.143778,0.140075,0.109614,0.103368,0.103015,0.129930,0.129731,0.097727,0.078234,0.049129,0.076742,0.059225,0.176206,0.160276,0.173089,0.135195,1.000000,0.154322,0.139631,0.156980,0.125915,0.088109,0.051796,0.077978,0.061758,0.082311,0.089812,0.088860,0.088296,0.079588,0.104183,0.112357,0.106172,0.095894,0.058728,0.076842,0.060024,0.052598,0.113123,0.080231,0.078938,0.096395,0.084796,0.117203,0.088817
orders.o_orderpriority,0.107887,0.087190,0.069569,0.112206,0.075521,0.096468,0.107412,0.076038,0.158423,0.121115,0.130469,0.126615,0.125370,0.095626,0.097840,0.090160,0.149448,0.145599,0.113936,0.107444,0.107077,0.135053,0.137675,0.101581,0.091445,0.057426,0.089701,0.063772,0.183154,0.166596,0.179914,0.140526,0.154322,1.000000,0.145137,0.163171,0.130880,0.102987,0.060543,0.090300,0.072187,0.085557,0.104979,0.103865,0.096030,0.082726,0.112819,0.116788,0.112581,0.106121,0.061044,0.089818,0.062692,0.056539,0.117584,0.083394,0.082050,0.110191,0.089534,0.121824,0.092319
orders.o_clerk,0.120038,0.104654,0.083503,0.109303,0.090648,0.096608,0.128926,0.085192,0.143341,0.109585,0.118049,0.114561,0.113435,0.084916,0.086794,0.081327,0.135221,0.131738,0.103089,0.097216,0.096884,0.122196,0.122009,0.091910,0.080030,0.050258,0.078504,0.055812,0.165718,0.150736,0.162786,0.127148,0.139631,0.145137,1.000000,0.147637,0.118421,0.090132,0.052986,0.079028,0.063176,0.077412,0.091875,0.090900,0.084641,0.074851,0.098737,0.105670,0.099853,0.092875,0.055232,0.078607,0.056451,0.049482,0.106390,0.076547,0.074239,0.096437,0.079749,0.110227,0.083531
orders.o_shippriority,0.129398,0.088398,0.082472,0.134577,0.090494,0.115702,0.128176,0.085750,0.161152,0.136402,0.143274,0.129741,0.136702,0.105989,0.111446,0.099709,0.152022,0.148107,0.126800,0.109295,0.108922,0.153047,0.165125,0.103330,0.109677,0.068875,0.107586,0.076487,0.186309,0.169465,0.183013,0.142946,0.156980,0.163171,0.147637,1.000000,0.133135,0.123521,0.072614,0.108304,0.086579,0.098169,0.125909,0.124574,0.115177,0.088628,0.135313,0.137781,0.135028,0.127280,0.068283,0.107726,0.075192,0.067812,0.138253,0.093452,0.097710,0.132161,0.107386,0.132537,0.093910
orders.o_comment,0.083999,0.073234,0.058433,0.081728,0.063433,0.077831,0.090219,0.062041,0.129261,0.098821,0.106453,0.103308,0.102292,0.076575,0.077437,0.073338,0.121938,0.118798,0.092963,0.087666,0.087367,0.110193,0.110025,0.082882,0.066607,0.041828,0.065336,0.050228,0.149440,0.135929,0.146796,0.114658,0.125915,0.130880,0.118421,0.133135,1.000000,0.075014,0.044098,0.066133,0.052579,0.069808,0.076464,0.075653,0.069947,0.067498,0.088357,0.095290,0.090045,0.081328,0.049807,0.065422,0.050906,0.044608,0.095940,0.068043,0.066947,0.081752,0.071915,0.099400,0.075326
part.p_partkey,0.099980,0.074022,0.063722,0.103982,0.069920,0.089397,0.099200,0.066255,0.109190,0.143073,0.110701,0.100245,0.105623,0.085895,0.087883,0.080985,0.103687,0.107676,0.097972,0.082890,0.082134,0.118252,0.127584,0.072589,0.084743,0.053217,0.083126,0.059098,0.114583,0.113879,0.101681,0.093548,0.088109,0.102987,0.090132,0.123521,0.075014,1.000000,0.106384,0.149276,0.124558,0.121333,0.128945,0.128904,0.088992,0.114577,0.151013,0.126057,0.126543,0.098798,0.062230,0.084586,0.061617,0.052395,0.106821,0.099820,0.080473,0.102115,0.082972,0.102405,0.090106
part.p_name,0.058775,0.049991,0.039888,0.061128,0.043301,0.052554,0.062326,0.040694,0.064190,0.089890,0.065078,0.058931,0.062093,0.048142,0.050621,0.051890,0.060954,0.063352,0.057595,0.049697,0.051019,0.069517,0.075003,0.045606,0.049818,0.031284,0.048868,0.034742,0.067360,0.066946,0.059775,0.052113,0.051796,0.060543,0.052986,0.072614,0.044098,0.106384,1.000000,0.093787,0.078257,0.076231,0.081013,0.080988,0.052316,0.071987,0.094878,0.079199,0.079504,0.062073,0.039098,0.053144,0.037844,0.031086,0.067024,0.062715,0.050560,0.060030,0.048777,0.060201,0.056612
part.p_mfgr,0.087662,0.074830,0.059706,0.091171,0.064815,0.078384,0.092185,0.060914,0.095738,0.126132,0.097063,0.087895,0.092610,0.071804,0.075501,0.067549,0.090912,0.094410,0.085902,0.070104,0.072015,0.103684,0.111866,0.063994,0.074302,0.046660,0.072885,0.051817,0.100467,0.099850,0.090909,0.075896,0.077978,0.090300,0.079028,0.108304,0.066133,0.149276,0.093787,1.000000,0.109809,0.106966,0.113677,0.113641,0.078028,0.101011,0.133132,0.111131,0.111559,0.087100,0.054861,0.074570,0.053102,0.045940,0.094047,0.088001,0.076382,0.089534,0.072750,0.089789,0.079437
part.p_brand,0.084600,0.073757,0.058851,0.077034,0.063886,0.068087,0.090864,0.060041,0.076535,0.105246,0.077594,0.070264,0.074034,0.057401,0.060356,0.055981,0.072677,0.075473,0.068671,0.056042,0.057570,0.082886,0.089427,0.053397,0.059398,0.037301,0.058266,0.041423,0.080315,0.079821,0.071271,0.060672,0.061758,0.072187,0.063176,0.086579,0.052579,0.124558,0.078257,0.109809,1.000000,0.089254,0.094853,0.094823,0.062377,0.084284,0.111087,0.092729,0.093086,0.072677,0.045777,0.062222,0.044309,0.036725,0.078474,0.073429,0.059197,0.071575,0.058157,0.071778,0.066283
part.p_type,0.079460,0.065320,0.052118,0.082640,0.056578,0.071049,0.080469,0.053172,0.089014,0.102521,0.093859,0.079670,0.089353,0.074657,0.076385,0.070389,0.085909,0.092618,0.077864,0.072045,0.071025,0.093982,0.101399,0.056471,0.067350,0.042294,0.066065,0.046968,0.097689,0.090507,0.095961,0.081308,0.082311,0.085557,0.077412,0.098169,0.069808,0.121333,0.076231,0.106966,0.089254,1.000000,0.092397,0.092368,0.074490,0.082102,0.108210,0.090328,0.090676,0.078159,0.044591,0.066152,0.046173,0.041641,0.084897,0.071527,0.060001,0.081156,0.065942,0.082797,0.064567
part.p_size,0.101913,0.076547,0.064954,0.105992,0.071272,0.091126,0.100950,0.067536,0.111302,0.108953,0.112841,0.102183,0.107665,0.085583,0.087774,0.085208,0.105691,0.109758,0.099866,0.082589,0.083722,0.120539,0.130051,0.071102,0.086381,0.054246,0.084734,0.060240,0.116799,0.116081,0.103647,0.093208,0.089812,0.104979,0.091875,0.125909,0.076464,0.128945,0.081013,0.113677,0.094853,0.092397,1.000000,0.098163,0.090712,0.087253,0.114999,0.108515,0.106347,0.100244,0.053779,0.084844,0.060646,0.053408,0.108887,0.076015,0.076956,0.104089,0.084576,0.104385,0.069528
part.p_container,0.100832,0.072798,0.064265,0.104868,0.070516,0.090159,0.099880,0.066820,0.110121,0.108919,0.111645,0.101099,0.106523,0.082591,0.086843,0.077697,0.104570,0.108593,0.098807,0.080636,0.082834,0.119260,0.128672,0.070348,0.085465,0.053670,0.083835,0.059601,0.115560,0.114850,0.102548,0.087298,0.088860,0.103865,0.090900,0.124574,0.075653,0.128904,0.080988,0.113641,0.094823,0.092368,0.098163,1.000000,0.089750,0.087225,0.114963,0.107364,0.105219,0.099181,0.053209,0.083944,0.058592,0.052842,0.107732,0.075991,0.076140,0.102985,0.083679,0.103278,0.068791
part.p_retailprice,0.093226,0.068751,0.059418,0.096957,0.067005,0.090935,0.092346,0.061779,0.112900,0.110755,0.119046,0.097316,0.113331,0.094691,0.096882,0.105309,0.108962,0.117472,0.091354,0.091378,0.090084,0.110264,0.118966,0.071625,0.079018,0.049622,0.078497,0.055106,0.108178,0.109570,0.105540,0.103127,0.088296,0.096030,0.084641,0.115177,0.069947,0.088992,0.052316,0.078028,0.062377,0.074490,0.090712,0.089750,1.000000,0.065869,0.097487,0.103834,0.105190,0.097991,0.049195,0.077612,0.054173,0.048856,0.103402,0.067328,0.070396,0.095217,0.079331,0.105015,0.063602
part.p_comment,0.078486,0.068427,0.054597,0.074608,0.059269,0.064143,0.084297,0.055702,0.081703,0.096813,0.082996,0.071927,0.079011,0.066016,0.067544,0.062243,0.077074,0.081899,0.070296,0.063706,0.062804,0.084847,0.091543,0.052388,0.060804,0.038183,0.059644,0.042403,0.094458,0.085918,0.092786,0.072473,0.079588,0.082726,0.074851,0.088628,0.067498,0.114577,0.071987,0.101011,0.084284,0.082102,0.087253,0.087225,0.065869,1.000000,0.102186,0.085299,0.085628,0.070562,0.042109,0.059722,0.043452,0.037594,0.076645,0.067545,0.054454,0.073268,0.059533,0.073477,0.060972
partsupp.ps_partkey,0.109524,0.079344,0.069805,0.113908,0.076595,0.097931,0.108490,0.072580,0.119614,0.127600,0.121269,0.109815,0.115706,0.094977,0.097175,0.089548,0.113585,0.117955,0.107325,0.091654,0.090356,0.129541,0.139764,0.076412,0.092832,0.058297,0.091062,0.064739,0.125522,0.124751,0.121460,0.103439,0.104183,0.112819,0.098737,0.135313,0.088357,0.151013,0.094878,0.133132,0.111087,0.108210,0.114999,0.114963,0.097487,0.102186,1.000000,0.116620,0.114290,0.107731,0.057796,0.091181,0.063812,0.057397,0.117019,0.105160,0.093488,0.111863,0.090893,0.112181,0.080361
partsupp.ps_suppkey,0.111522,0.082371,0.071079,0.115986,0.077992,0.099718,0.110469,0.073904,0.124079,0.121722,0.130834,0.111818,0.124553,0.104067,0.106475,0.098118,0.119751,0.129104,0.109283,0.100426,0.099004,0.131904,0.142313,0.078716,0.094526,0.059360,0.092723,0.065920,0.133349,0.127026,0.130990,0.113339,0.112357,0.116788,0.105670,0.137781,0.095290,0.126057,0.079199,0.111131,0.092729,0.090328,0.108515,0.107364,0.103834,0.085299,0.116620,1.000000,0.116374,0.109696,0.058850,0.092844,0.064804,0.058444,0.121333,0.111552,0.099171,0.113903,0.092550,0.115413,0.076084
partsupp.ps_availqty,0.109293,0.079357,0.069658,0.113668,0.076434,0.097725,0.108261,0.072427,0.125699,0.123311,0.132542,0.109583,0.126179,0.105426,0.107866,0.107648,0.121315,0.130790,0.107099,0.101737,0.100296,0.129268,0.139470,0.079744,0.092637,0.058174,0.090870,0.064603,0.126009,0.124488,0.123779,0.114819,0.106172,0.112581,0.099853,0.135028,0.090045,0.126543,0.079504,0.111559,0.093086,0.090676,0.106347,0.105219,0.105190,0.085628,0.114290,0.116374,1.000000,0.108989,0.057674,0.090989,0.066243,0.057276,0.117705,0.108217,0.096206,0.111627,0.090701,0.116920,0.074564
partsupp.ps_supplycost,0.103022,0.073877,0.065661,0.107145,0.072048,0.093107,0.102049,0.068271,0.116977,0.114755,0.123345,0.103295,0.117424,0.098110,0.100381,0.107825,0.112897,0.121714,0.100953,0.094678,0.093337,0.121850,0.131466,0.074211,0.087321,0.054836,0.085656,0.060896,0.118070,0.117344,0.111797,0.106852,0.095894,0.106121,0.092875,0.127280,0.081328,0.098798,0.062073,0.087100,0.072677,0.078159,0.100244,0.099181,0.097991,0.070562,0.107731,0.109696,0.108989,1.000000,0.054365,0.085768,0.059865,0.053989,0.110072,0.099711,0.088644,0.105222,0.085496,0.108808,0.070285
partsupp.ps_comment,0.055270,0.045490,0.036297,0.057482,0.039402,0.049419,0.056041,0.037031,0.060361,0.058261,0.061196,0.055416,0.058389,0.045271,0.047602,0.048098,0.057319,0.059524,0.054160,0.046065,0.047290,0.065371,0.070530,0.038657,0.046846,0.029419,0.045953,0.032670,0.069700,0.063399,0.068467,0.053478,0.058728,0.061044,0.055232,0.068283,0.049807,0.062230,0.039098,0.054861,0.045777,0.044591,0.053779,0.053209,0.049195,0.042109,0.057796,0.058850,0.057674,0.054365,1.000000,0.046013,0.032117,0.028964,0.059052,0.039916,0.041735,0.056450,0.045867,0.056610,0.037707
region.r_regionkey,0.087195,0.070821,0.067545,0.119867,0.061343,0.077966,0.098502,0.057783,0.095228,0.091915,0.096545,0.087426,0.092117,0.075764,0.077518,0.071433,0.090428,0.093992,0.085444,0.073113,0.072078,0.103131,0.111270,0.060834,0.166160,0.135259,0.218295,0.118052,0.099931,0.099317,0.088679,0.082514,0.076842,0.089818,0.078607,0.107726,0.065422,0.084586,0.053144,0.074570,0.062222,0.066152,0.084844,0.083944,0.077612,0.059722,0.091181,0.092844,0.090989,0.085768,0.046013,1.000000,0.212185,0.152416,0.093162,0.062973,0.067030,0.105133,0.072362,0.089310,0.059487
region.r_name,0.068169,0.059432,0.059357,0.105337,0.051478,0.054863,0.086562,0.048380,0.066468,0.064155,0.067388,0.061023,0.064296,0.049851,0.052418,0.055357,0.063118,0.065546,0.059639,0.048671,0.049998,0.071984,0.077665,0.042461,0.146019,0.118863,0.191834,0.103742,0.071238,0.069323,0.069978,0.054658,0.060024,0.062692,0.056451,0.075192,0.050906,0.061617,0.037844,0.053102,0.044309,0.046173,0.060646,0.058592,0.054173,0.043452,0.063812,0.064804,0.066243,0.059865,0.032117,0.212185,1.000000,0.133941,0.065026,0.043954,0.058904,0.092389,0.050508,0.062337,0.041522
region.r_comment,0.057108,0.049789,0.042637,0.075665,0.043126,0.049078,0.062179,0.040530,0.059945,0.057859,0.060774,0.055033,0.057986,0.044958,0.047273,0.042295,0.056923,0.059113,0.053786,0.043894,0.045091,0.064920,0.070043,0.038294,0.104887,0.085381,0.137797,0.074520,0.062905,0.062519,0.061321,0.047896,0.052598,0.056539,0.049482,0.067812,0.044608,0.052395,0.031086,0.045940,0.036725,0.041641,0.053408,0.052842,0.048856,0.037594,0.057397,0.058444,0.057276,0.053989,0.028964,0.152416,0.133941,1.000000,0.058644,0.039641,0.042312,0.066364,0.045551,0.056219,0.037446
supplier.s_suppkey,0.111903,0.088339,0.071322,0.116383,0.078259,0.100059,0.110847,0.074157,0.123562,0.121214,0.130288,0.112200,0.124033,0.103633,0.106032,0.097709,0.119252,0.128566,0.109657,0.100007,0.098591,0.132355,0.142800,0.078388,0.094849,0.059563,0.093040,0.066146,0.134258,0.127461,0.131883,0.112866,0.113123,0.117584,0.106390,0.138253,0.095940,0.106821,0.067024,0.094047,0.078474,0.084897,0.108887,0.107732,0.103402,0.076645,0.117019,0.121333,0.117705,0.110072,0.059052,0.093162,0.065026,0.058644,1.000000,0.114787,0.102047,0.114293,0.092867,0.114932,0.077912
supplier.s_name,0.083330,0.072650,0.057967,0.078669,0.062927,0.067635,0.089500,0.059140,0.082610,0.084344,0.083753,0.075842,0.079911,0.061957,0.065147,0.058369,0.078446,0.081464,0.074123,0.060491,0.062140,0.089466,0.096526,0.052811,0.064113,0.040262,0.062891,0.044711,0.095220,0.086612,0.093536,0.073058,0.080231,0.083394,0.076547,0.093452,0.068043,0.099820,0.062715,0.088001,0.073429,0.071527,0.076015,0.075991,0.067328,0.067545,0.105160,0.111552,0.108217,0.099711,0.039916,0.062973,0.043954,0.039641,0.114787,1.000000,0.093821,0.103544,0.068352,0.082554,0.071631
supplier.s_address,0.079088,0.063336,0.050535,0.082254,0.055310,0.070717,0.078341,0.052411,0.086374,0.083369,0.087569,0.079298,0.083552,0.064780,0.068116,0.060942,0.082020,0.085176,0.077500,0.063247,0.064971,0.093543,0.100924,0.055178,0.067035,0.042097,0.065756,0.046749,0.093686,0.090083,0.092028,0.071881,0.078938,0.082050,0.074239,0.097710,0.066947,0.080473,0.050560,0.076382,0.059197,0.060001,0.076956,0.076140,0.070396,0.054454,0.093488,0.099171,0.096206,0.088644,0.041735,0.067030,0.058904,0.042312,0.102047,0.093821,1.000000,0.092052,0.065634,0.081006,0.063681
supplier.s_nationkey,0.106973,0.077798,0.068179,0.111255,0.074811,0.095650,0.105963,0.070889,0.116828,0.112763,0.118882,0.107257,0.113175,0.094560,0.096749,0.089155,0.110939,0.117310,0.104825,0.091252,0.089960,0.126524,0.136508,0.074632,0.090670,0.066744,0.095049,0.063232,0.122598,0.121845,0.112380,0.102985,0.096395,0.110191,0.096437,0.132161,0.081752,0.102115,0.060030,0.089534,0.071575,0.081156,0.104089,0.102985,0.095217,0.073268,0.111863,0.113903,0.111627,0.105222,0.056450,0.105133,0.092389,0.066364,0.114293,0.103544,0.092052,1.000000,0.088775,0.109568,0.072980
supplier.s_phone,0.103851,0.090541,0.072242,0.094563,0.078423,0.083580,0.111540,0.073703,0.094927,0.092997,0.099959,0.087150,0.095160,0.079508,0.081348,0.074964,0.091491,0.098637,0.085174,0.076726,0.075640,0.102805,0.110918,0.060641,0.073673,0.046265,0.072268,0.051378,0.100638,0.099003,0.098858,0.086592,0.084796,0.089534,0.079749,0.107386,0.071915,0.082972,0.048777,0.072750,0.058157,0.065942,0.084576,0.083679,0.079331,0.059533,0.090893,0.092550,0.090701,0.085496,0.045867,0.072362,0.050508,0.045551,0.092867,0.068352,0.065634,0.088775,1.000000,0.089028,0.059299
supplier.s_acctbal,0.107277,0.092723,0.073984,0.111571,0.080314,0.095922,0.114229,0.075480,0.125490,0.123106,0.132322,0.108169,0.125969,0.105250,0.107686,0.103636,0.121113,0.130572,0.105123,0.101568,0.100130,0.126883,0.136896,0.079612,0.090928,0.057101,0.089194,0.063411,0.139100,0.126524,0.136639,0.114628,0.117203,0.121824,0.110227,0.132537,0.099400,0.102405,0.060201,0.089789,0.071778,0.082797,0.104385,0.103278,0.105015,0.073477,0.112181,0.115413,0.116920,0.108808,0.056610,0.089310,0.062337,0.056219,0.114932,0.082554,0.081006,0.109568,0.089028,1.000000,0.073188
supplier.s_comment,0.075348,0.065691,0.052415,0.074315,0.056900,0.063891,0.080927,0.053475,0.091177,0.076136,0.079117,0.072871,0.075488,0.061813,0.063243,0.058280,0.086012,0.083797,0.070020,0.061837,0.061626,0.084514,0.091183,0.058463,0.060565,0.038033,0.059410,0.042237,0.105411,0.095881,0.103546,0.080877,0.088817,0.092319,0.083531,0.093910,0.075326,0.090106,0.056612,0.079437,0.066283,0.064567,0.069528,0.068791,0.063602,0.060972,0.080361,0.076084,0.074564,0.070285,0.037707,0.059487,0.041522,0.037446,0.077912,0.071631,0.063681,0.072980,0.059299,0.073188,1.000000
